positive/PXL_20250529_080233072.jpg 1 66 724 887 992
positive/PXL_20250529_080237485.jpg 1 599 1113 478 766
positive/PXL_20250529_080252238.jpg 3 182 784 727 742 752 883 306 957 11 738 348 844
positive/PXL_20250529_080253510.jpg 1 131 692 748 827
positive/PXL_20250529_080257759.jpg 1 10 307 1032 1224
positive/PXL_20250529_080259767.jpg 1 44 402 945 1128
positive/PXL_20250529_080303320.jpg 1 40 642 1009 693
positive/PXL_20250529_080308109.jpg 1 110 764 682 597
positive/PXL_20250529_080311401.jpg 1 120 783 679 535
positive/PXL_20250529_080327728.jpg 2 107 867 738 732 443 184 597 607
positive/PXL_20250529_080328828.jpg 2 198 579 496 971 1 451 384 1059
positive/PXL_20250529_080329715.jpg 1 136 464 642 1000
positive/PXL_20250529_080330588.jpg 1 260 693 681 840
positive/PXL_20250529_080332274.jpg 1 306 716 586 596
positive/PXL_20250529_080334193.jpg 1 58 831 728 603
positive/PXL_20250529_080335405.jpg 1 42 777 709 566
positive/PXL_20250529_080338339.jpg 3 180 712 814 967 29 519 538 746 527 355 546 897
positive/PXL_20250529_080340181.jpg 1 239 554 686 866
positive/PXL_20250529_080341372.jpg 1 278 839 583 514
positive/PXL_20250529_080345550.jpg 1 66 575 868 1164
positive/PXL_20250529_080349531.jpg 1 166 804 632 816
positive/PXL_20250529_080419684.jpg 1 204 746 763 653
positive/PXL_20250529_080424192.jpg 1 279 556 565 856
positive/PXL_20250529_080425621.jpg 1 237 435 620 970
positive/PXL_20250529_080427839.jpg 1 134 835 679 652
positive/PXL_20250529_080429523.jpg 0
positive/PXL_20250529_080431624.jpg 2 217 498 601 1012 196 260 526 743
positive/PXL_20250529_080435009.jpg 1 135 946 760 798
positive/PXL_20250529_080439005.jpg 1 85 747 668 769
positive/PXL_20250529_080441311.jpg 1 175 781 664 733
positive/PXL_20250529_080443430.jpg 2 222 961 598 667 0 778 391 691
positive/PXL_20250529_080445620.jpg 0
positive/PXL_20250529_080456532.jpg 1 139 975 730 465
positive/PXL_20250529_080704164.jpg 0
positive/PXL_20250529_080705809.jpg 2 322 699 647 597 5 401 507 445
positive/PXL_20250529_080707526.jpg 1 148 652 662 678
positive/PXL_20250529_080709790.jpg 1 171 333 666 1032
positive/PXL_20250529_080713461.jpg 1 17 556 729 1019
positive/PXL_20250529_080727411.jpg 1 114 722 843 993
positive/PXL_20250529_080728646.jpg 1 85 636 701 899
positive/PXL_20250529_080729696.jpg 2 86 667 818 952 424 217 642 954
positive/PXL_20250529_080730588.jpg 1 64 413 774 969
positive/PXL_20250529_080731917.jpg 1 202 372 726 1121
positive/PXL_20250529_080733111.jpg 1 127 595 923 978
positive/PXL_20250529_080735320.jpg 1 232 608 724 913
positive/PXL_20250529_080736544.jpg 1 241 762 752 729
positive/PXL_20250529_080738274.jpg 1 324 766 689 443
positive/PXL_20250529_080741409.jpg 0
positive/PXL_20250529_080743392.jpg 1 88 758 880 750
positive/PXL_20250529_080744962.jpg 1 251 792 736 597
positive/PXL_20250529_080748252.jpg 2 194 793 651 664 468 167 609 653
positive/PXL_20250529_080750232.jpg 1 77 709 884 716
positive/PXL_20250529_080757002.jpg 1 150 650 826 714
positive/PXL_20250529_080800277.jpg 1 305 423 646 1163
positive/PXL_20250529_080805483.jpg 1 126 723 683 631
positive/PXL_20250529_080808106.jpg 1 173 655 727 688
positive/PXL_20250529_080810693.jpg 1 78 777 828 652
positive/PXL_20250529_080812577.jpg 1 131 662 643 842
positive/PXL_20250529_080836595.jpg 1 212 712 561 638
positive/PXL_20250529_080839986.jpg 2 110 817 501 682 452 201 603 943
positive/PXL_20250529_080841273.jpg 1 98 754 674 869
positive/PXL_20250529_080844376.jpg 1 169 659 681 835
positive/PXL_20250529_080847165.jpg 1 167 650 672 504
positive/PXL_20250529_080848504.jpg 1 216 762 613 543
positive/PXL_20250529_080901841.jpg 0
positive/PXL_20250529_080903096.jpg 1 353 385 521 730
positive/PXL_20250529_080904126.jpg 1 258 865 709 530
positive/PXL_20250529_080905161.jpg 0
positive/PXL_20250529_080905670.jpg 0
positive/PXL_20250529_081521610.jpg 2 220 710 503 492 603 21 469 836
positive/PXL_20250529_081522843.jpg 1 204 550 509 689
positive/PXL_20250529_081524132.jpg 2 333 403 435 746 551 1044 496 520
positive/PXL_20250529_081527188.jpg 3 288 528 541 838 104 754 418 366 285 543 358 342
positive/PXL_20250529_081528606.jpg 3 86 452 656 406 382 835 469 411 697 522 381 394
positive/PXL_20250529_081530424.jpg 2 185 875 817 595 468 1448 605 471
positive/PXL_20250529_081532039.jpg 3 357 618 439 472 237 1024 562 454 126 1525 532 381
positive/PXL_20250529_081536566.jpg 2 135 696 664 763 5 1260 711 657
positive/PXL_20250529_081541657.jpg 1 224 529 800 1002
positive/PXL_20250529_081547974.jpg 1 18 154 1027 1057
positive/PXL_20250529_081552809.jpg 1 62 188 1001 1572
positive/PXL_20250529_081612143.jpg 1 105 744 809 894
positive/PXL_20250529_081618355.jpg 1 45 345 862 1121
positive/PXL_20250529_081618493.jpg 0
positive/PXL_20250529_081622623.jpg 1 38 582 994 1013
positive/PXL_20250529_081625907.jpg 1 27 146 1022 1083
positive/PXL_20250529_081628704.jpg 1 69 5 858 1328
positive/PXL_20250529_081631262.jpg 1 5 463 998 1011
positive/PXL_20250529_081636449.jpg 1 7 419 1036 1083
positive/PXL_20250529_081657222.jpg 1 69 745 837 623
positive/PXL_20250529_081658517.jpg 1 137 427 864 938
positive/PXL_20250529_081701617.jpg 1 103 659 852 699
positive/PXL_20250529_081704501.jpg 1 46 181 987 784
positive/PXL_20250529_081711287.jpg 1 13 2 959 1437
positive/PXL_20250529_081714387.jpg 1 132 708 891 757
positive/PXL_20250529_081724931.jpg 1 46 124 1023 1089
positive/PXL_20250529_081733314.jpg 1 170 112 807 975
positive/PXL_20250529_081737611.jpg 1 182 591 731 612
positive/PXL_20250529_081741529.jpg 0
positive/PXL_20250529_081807896.jpg 1 163 565 780 725
positive/PXL_20250529_081809877.jpg 1 116 584 847 790
positive/PXL_20250529_073748399.jpg 0
positive/PXL_20250529_073759288.jpg 1 207 503 657 933
positive/PXL_20250529_073822782.jpg 1 173 705 881 720
positive/PXL_20250529_073831828.jpg 0
positive/PXL_20250529_074012068.jpg 1 372 635 613 823
positive/PXL_20250529_074045751.jpg 1 190 348 654 1114
positive/PXL_20250529_074046280.jpg 0
positive/PXL_20250529_074047225.jpg 0
positive/PXL_20250529_074048784.jpg 1 327 350 501 1066
positive/PXL_20250529_074049454.jpg 1 301 409 502 1080
positive/PXL_20250529_074147220.jpg 1 263 354 568 1313
positive/PXL_20250529_074152095.jpg 1 271 478 587 1090
positive/PXL_20250529_074231048.jpg 1 135 376 759 1333
positive/PXL_20250529_074421669.jpg 1 196 448 736 1273
positive/PXL_20250529_074427956.jpg 1 269 532 731 911
positive/PXL_20250529_074432669.jpg 1 53 626 881 1006
positive/PXL_20250529_074437585.jpg 1 203 473 641 1031
positive/PXL_20250529_074446647.jpg 1 35 561 1007 973
positive/PXL_20250529_074449895.jpg 1 10 196 976 1697
positive/PXL_20250529_074801515.jpg 1 113 731 741 704
positive/PXL_20250529_074828134.jpg 1 255 887 589 630
positive/PXL_20250529_074831316.jpg 2 458 934 461 631 104 412 498 989
positive/PXL_20250529_074841932.jpg 1 210 485 543 930
positive/PXL_20250529_074848044.jpg 1 109 463 676 936
positive/PXL_20250529_075034413.jpg 0
positive/PXL_20250529_075043416.jpg 1 82 669 681 619
positive/PXL_20250529_075046173.jpg 1 182 551 642 672
positive/PXL_20250529_075051223.jpg 1 86 425 679 973
positive/PXL_20250529_075054321.jpg 1 117 517 768 879
positive/PXL_20250529_075057914.jpg 1 185 558 627 987
positive/PXL_20250529_075238565.jpg 1 215 786 585 649
positive/PXL_20250529_075239159.jpg 1 297 812 591 550
positive/PXL_20250529_075301109.jpg 0
positive/PXL_20250529_075302650.jpg 1 108 544 668 817
positive/PXL_20250529_075307108.jpg 1 139 898 755 598
positive/PXL_20250529_075312562.jpg 1 125 767 643 689
positive/PXL_20250529_075317942.jpg 3 165 509 591 817 722 809 34 517 722 809 354 526
positive/PXL_20250529_075323961.jpg 1 175 900 644 528
positive/PXL_20250529_075327946.jpg 1 315 910 675 583
positive/PXL_20250529_075330446.jpg 1 188 735 592 538
positive/PXL_20250529_075332296.jpg 1 140 686 826 690
positive/PXL_20250529_075334044.jpg 1 209 411 671 868
positive/PXL_20250529_075339170.jpg 1 238 785 596 584
positive/PXL_20250529_075340727.jpg 1 292 871 478 484
positive/PXL_20250529_075349528.jpg 3 324 942 499 509 226 488 546 522 276 225 446 369
positive/PXL_20250529_075353674.jpg 2 281 1024 683 685 356 244 430 791
positive/PXL_20250529_075400705.jpg 1 205 898 688 762
positive/PXL_20250529_075402798.jpg 1 104 931 825 535
positive/PXL_20250529_075404332.jpg 1 184 855 565 444
positive/PXL_20250529_075412848.jpg 1 277 852 504 469
positive/PXL_20250529_075414372.jpg 1 262 1015 585 578
positive/PXL_20250529_075419882.jpg 3 245 978 602 506 13 496 454 506 36 264 486 358
positive/PXL_20250529_075421971.jpg 3 243 813 682 585 524 423 554 527 29 396 515 464
positive/PXL_20250529_075423608.jpg 2 54 213 714 1136 2 1140 511 773
positive/PXL_20250529_075425570.jpg 1 40 925 971 959
positive/PXL_20250529_075427487.jpg 1 33 215 886 1354
positive/PXL_20250529_075431052.jpg 1 327 988 411 493
positive/PXL_20250529_075436556.jpg 1 188 613 573 804
positive/PXL_20250529_075441242.jpg 1 69 871 718 431
positive/PXL_20250529_075443709.jpg 1 205 612 770 942
positive/PXL_20250529_075446931.jpg 1 175 809 692 571
positive/PXL_20250529_075449193.jpg 0
positive/PXL_20250529_075451449.jpg 1 141 356 765 1055
positive/PXL_20250529_075455525.jpg 3 197 594 599 697 453 254 597 549 79 1484 705 434
positive/PXL_20250529_075458059.jpg 2 257 712 693 737 625 82 452 541
positive/PXL_20250529_075500545.jpg 1 126 326 670 984
positive/PXL_20250529_075513593.jpg 1 176 876 570 486
positive/PXL_20250529_075530688.jpg 1 147 621 606 931
positive/PXL_20250529_075539481.jpg 1 162 594 810 870
positive/PXL_20250529_075541645.jpg 0
positive/PXL_20250529_075543435.jpg 0
positive/PXL_20250529_075544439.jpg 1 305 40 465 1733
positive/PXL_20250529_075545335.jpg 0
positive/PXL_20250529_075550608.jpg 0
positive/PXL_20250529_075553780.jpg 2 175 370 675 1220 23 749 627 568
positive/PXL_20250529_075555482.jpg 1 234 445 678 1059
positive/PXL_20250529_075557299.jpg 1 229 730 571 678
positive/PXL_20250529_075600885.jpg 1 116 832 810 790
positive/PXL_20250529_075615506.jpg 2 157 637 736 897 50 532 515 399
positive/PXL_20250529_075616634.jpg 1 67 888 627 677
positive/PXL_20250529_075655053.jpg 1 95 380 710 1141
positive/PXL_20250529_075657064.jpg 1 180 497 805 932
positive/PXL_20250529_075700668.jpg 1 299 535 421 974
positive/PXL_20250529_075741855.jpg 1 7 696 804 843
positive/PXL_20250529_075744646.jpg 1 79 778 719 667
positive/PXL_20250529_075746860.jpg 1 16 741 798 731
positive/PXL_20250529_075749211.jpg 1 314 512 419 1176
positive/PXL_20250529_075751908.jpg 1 86 666 711 663
positive/PXL_20250529_075758350.jpg 1 81 525 681 996
positive/PXL_20250529_075800734.jpg 0
positive/PXL_20250529_075803193.jpg 2 1 208 613 592 62 275 831 1133
positive/PXL_20250529_075805537.jpg 1 71 510 744 948
positive/PXL_20250529_075808103.jpg 1 207 743 668 739
positive/PXL_20250529_075810592.jpg 1 129 755 794 644
positive/PXL_20250529_075813055.jpg 1 12 735 781 673
positive/PXL_20250529_075814538.jpg 1 174 438 615 1096
positive/PXL_20250529_075816289.jpg 1 208 737 632 893
positive/PXL_20250529_075818260.jpg 1 241 962 587 654
positive/PXL_20250529_075822758.jpg 1 82 838 695 626
positive/PXL_20250529_075824532.jpg 1 84 940 922 796
positive/PXL_20250529_075828258.jpg 1 94 995 760 656
positive/PXL_20250529_075830262.jpg 1 143 790 584 439
positive/PXL_20250529_075835430.jpg 1 89 822 784 685
positive/PXL_20250529_075837396.jpg 1 78 177 806 1511
positive/PXL_20250529_075839352.jpg 1 159 482 733 800
positive/PXL_20250529_075909829.jpg 1 186 730 657 1145
positive/PXL_20250529_075914199.jpg 1 202 792 543 539
positive/PXL_20250529_075922820.jpg 1 174 630 434 774
positive/PXL_20250529_075924576.jpg 1 201 860 651 680
positive/PXL_20250529_075926286.jpg 1 18 329 1031 1165
positive/PXL_20250529_075928619.jpg 0
positive/PXL_20250529_075931241.jpg 1 5 585 978 859
positive/PXL_20250529_075933184.jpg 1 125 864 796 541
positive/PXL_20250529_075936894.jpg 1 162 726 552 671
positive/PXL_20250529_080017170.jpg 2 98 646 719 654 506 538 432 278
positive/PXL_20250529_080020544.jpg 1 10 692 736 775
positive/PXL_20250529_080024094.jpg 1 72 410 634 929
positive/PXL_20250529_080028631.jpg 1 141 540 644 862
positive/PXL_20250529_080103800.jpg 1 100 691 709 624
positive/PXL_20250529_080120648.jpg 1 499 861 463 576
positive/PXL_20250529_080121584.jpg 1 147 699 749 697
positive/PXL_20250529_080122897.jpg 1 226 727 506 545
positive/PXL_20250529_080125532.jpg 0
positive/PXL_20250529_080127250.jpg 1 148 702 684 742
positive/PXL_20250529_080131157.jpg 2 207 504 597 870 349 355 482 447
positive/PXL_20250529_080134060.jpg 1 95 773 718 662
positive/PXL_20250529_080136662.jpg 1 121 705 890 713
positive/PXL_20250529_080138414.jpg 1 181 502 676 918
positive/PXL_20250529_080139669.jpg 2 26 533 910 1118 209 1 535 936
positive/PXL_20250529_080142318.jpg 1 37 323 835 1224
positive/PXL_20250529_080143990.jpg 1 122 407 817 1166
positive/PXL_20250529_080145308.jpg 1 81 725 790 863
positive/PXL_20250529_080146377.jpg 1 163 761 591 632
positive/PXL_20250529_080147141.jpg 1 174 751 693 697
positive/PXL_20250529_080148677.jpg 1 150 743 744 685
positive/PXL_20250529_080151781.jpg 1 86 638 715 762
positive/PXL_20250529_080152802.jpg 1 196 798 640 666
positive/PXL_20250529_080156433.jpg 1 84 412 716 948
positive/PXL_20250529_080158249.jpg 0
positive/PXL_20250529_080200821.jpg 0
positive/PXL_20250529_080203278.jpg 1 175 553 608 1052
positive/PXL_20250529_080207070.jpg 1 169 850 738 723
positive/PXL_20250529_080208434.jpg 1 162 807 615 545
positive/PXL_20250529_080211060.jpg 1 57 789 731 605
positive/PXL_20250529_080212395.jpg 1 89 531 788 1045
positive/PXL_20250529_080214163.jpg 1 158 715 674 821
positive/PXL_20250529_080216666.jpg 1 135 604 698 846
positive/PXL_20250529_080220260.jpg 1 187 683 531 685
positive/PXL_20250529_080221971.jpg 1 99 363 771 1278
positive/PXL_20250529_080224573.jpg 1 63 620 827 854
positive/PXL_20250529_080226910.jpg 1 35 361 909 1202
positive/PXL_20250529_080230211.jpg 1 142 633 750 940
positive/PXL_20250529_080238901.jpg 1 64 771 786 691
positive/PXL_20250529_080242797.jpg 1 20 464 1000 1226
positive/PXL_20250529_080245241.jpg 1 104 785 816 641
positive/PXL_20250529_080247286.jpg 1 213 677 653 718
positive/PXL_20250529_080249327.jpg 2 42 432 852 1081 17 206 422 444
